# beginning of file
281.582062 -0.000000 0.000000 556.230591 -0.000000 0.000000
281.582062 -0.000000 0.000000 267.800476 -0.000000 87.013641
556.230591 -0.000000 0.000000 817.182922 -0.000000 0.000000
556.230591 -0.000000 0.000000 529.006714 -0.000000 171.884705
817.182922 -0.000000 0.000000 1058.013428 -0.000000 0.000000
817.182922 -0.000000 0.000000 777.187134 -0.000000 252.523422
1058.013428 -0.000000 0.000000 1272.792236 -0.000000 0.000000
1058.013428 -0.000000 0.000000 1006.230591 -0.000000 326.944153
1272.792236 -0.000000 0.000000 1456.230591 -0.000000 0.000000
1272.792236 -0.000000 0.000000 1210.497437 -0.000000 393.314453
1456.230591 -0.000000 0.000000 1603.811768 -0.000000 0.000000
1456.230591 -0.000000 0.000000 1384.957642 -0.000000 450.000000
1603.811768 -0.000000 0.000000 1711.901733 -0.000000 0.000000
1603.811768 -0.000000 0.000000 1525.315674 -0.000000 495.605103
267.800476 -0.000000 87.013641 529.006714 -0.000000 171.884705
267.800476 -0.000000 87.013641 227.804672 -0.000000 165.509781
529.006714 -0.000000 171.884705 777.187134 -0.000000 252.523422
529.006714 -0.000000 171.884705 450.000000 -0.000000 326.944122
777.187134 -0.000000 252.523422 1006.230591 -0.000000 326.944153
777.187134 -0.000000 252.523422 661.114868 -0.000000 480.328064
1006.230591 -0.000000 326.944153 1210.497437 -0.000000 393.314453
1006.230591 -0.000000 326.944153 855.950867 -0.000000 621.884705
1210.497437 -0.000000 393.314453 1384.957642 -0.000000 450.000000
1210.497437 -0.000000 393.314453 1029.710571 -0.000000 748.128479
1384.957642 -0.000000 450.000000 1525.315674 -0.000000 495.605103
1384.957642 -0.000000 450.000000 1178.115356 -0.000000 855.950867
1525.315674 -0.000000 495.605103 1628.115356 -0.000000 529.006714
1525.315674 -0.000000 495.605103 1297.510986 -0.000000 942.696899
227.804672 -0.000000 165.509781 450.000000 -0.000000 326.944122
227.804672 -0.000000 165.509781 165.509781 -0.000000 227.804672
450.000000 -0.000000 326.944122 661.114868 -0.000000 480.328064
450.000000 -0.000000 326.944122 326.944122 -0.000000 450.000000
661.114868 -0.000000 480.328064 855.950867 -0.000000 621.884705
661.114868 -0.000000 480.328064 480.328064 -0.000000 661.114868
855.950867 -0.000000 621.884705 1029.710571 -0.000000 748.128479
855.950867 -0.000000 621.884705 621.884705 -0.000000 855.950867
1029.710571 -0.000000 748.128479 1178.115356 -0.000000 855.950867
1029.710571 -0.000000 748.128479 748.128479 -0.000000 1029.710571
1178.115356 -0.000000 855.950867 1297.510986 -0.000000 942.696899
1178.115356 -0.000000 855.950867 855.950867 -0.000000 1178.115356
1297.510986 -0.000000 942.696899 1384.957642 -0.000000 1006.230591
1297.510986 -0.000000 942.696899 942.696899 -0.000000 1297.510986
165.509781 -0.000000 227.804672 326.944122 -0.000000 450.000000
165.509781 -0.000000 227.804672 87.013634 -0.000000 267.800476
326.944122 -0.000000 450.000000 480.328064 -0.000000 661.114868
326.944122 -0.000000 450.000000 171.884689 -0.000000 529.006714
480.328064 -0.000000 661.114868 621.884705 -0.000000 855.950867
480.328064 -0.000000 661.114868 252.523392 -0.000000 777.187134
621.884705 -0.000000 855.950867 748.128479 -0.000000 1029.710571
621.884705 -0.000000 855.950867 326.944092 -0.000000 1006.230591
748.128479 -0.000000 1029.710571 855.950867 -0.000000 1178.115356
748.128479 -0.000000 1029.710571 393.314392 -0.000000 1210.497437
855.950867 -0.000000 1178.115356 942.696899 -0.000000 1297.510986
855.950867 -0.000000 1178.115356 449.999969 -0.000000 1384.957642
942.696899 -0.000000 1297.510986 1006.230591 -0.000000 1384.957642
942.696899 -0.000000 1297.510986 495.605072 -0.000000 1525.315674
87.013634 -0.000000 267.800476 171.884689 -0.000000 529.006714
87.013634 -0.000000 267.800476 -0.000012 -0.000000 281.582062
171.884689 -0.000000 529.006714 252.523392 -0.000000 777.187134
171.884689 -0.000000 529.006714 -0.000024 -0.000000 556.230591
252.523392 -0.000000 777.187134 326.944092 -0.000000 1006.230591
252.523392 -0.000000 777.187134 -0.000036 -0.000000 817.182922
326.944092 -0.000000 1006.230591 393.314392 -0.000000 1210.497437
326.944092 -0.000000 1006.230591 -0.000046 -0.000000 1058.013428
393.314392 -0.000000 1210.497437 449.999969 -0.000000 1384.957642
393.314392 -0.000000 1210.497437 -0.000056 -0.000000 1272.792236
449.999969 -0.000000 1384.957642 495.605072 -0.000000 1525.315674
449.999969 -0.000000 1384.957642 -0.000064 -0.000000 1456.230591
495.605072 -0.000000 1525.315674 529.006714 -0.000000 1628.115356
495.605072 -0.000000 1525.315674 -0.000070 -0.000000 1603.811768
-0.000012 -0.000000 281.582062 -0.000024 -0.000000 556.230591
-0.000012 -0.000000 281.582062 -87.013657 -0.000000 267.800446
-0.000024 -0.000000 556.230591 -0.000036 -0.000000 817.182922
-0.000024 -0.000000 556.230591 -171.884720 -0.000000 529.006714
-0.000036 -0.000000 817.182922 -0.000046 -0.000000 1058.013428
-0.000036 -0.000000 817.182922 -252.523438 -0.000000 777.187134
-0.000046 -0.000000 1058.013428 -0.000056 -0.000000 1272.792236
-0.000046 -0.000000 1058.013428 -326.944183 -0.000000 1006.230530
-0.000056 -0.000000 1272.792236 -0.000064 -0.000000 1456.230591
-0.000056 -0.000000 1272.792236 -393.314484 -0.000000 1210.497314
-0.000064 -0.000000 1456.230591 -0.000070 -0.000000 1603.811768
-0.000064 -0.000000 1456.230591 -450.000061 -0.000000 1384.957520
-0.000070 -0.000000 1603.811768 -0.000075 -0.000000 1711.901733
-0.000070 -0.000000 1603.811768 -495.605164 -0.000000 1525.315552
-87.013657 -0.000000 267.800446 -171.884720 -0.000000 529.006714
-87.013657 -0.000000 267.800446 -165.509766 -0.000000 227.804672
-171.884720 -0.000000 529.006714 -252.523438 -0.000000 777.187134
-171.884720 -0.000000 529.006714 -326.944092 -0.000000 450.000000
-252.523438 -0.000000 777.187134 -326.944183 -0.000000 1006.230530
-252.523438 -0.000000 777.187134 -480.328003 -0.000000 661.114868
-326.944183 -0.000000 1006.230530 -393.314484 -0.000000 1210.497314
-326.944183 -0.000000 1006.230530 -621.884644 -0.000000 855.950867
-393.314484 -0.000000 1210.497314 -450.000061 -0.000000 1384.957520
-393.314484 -0.000000 1210.497314 -748.128418 -0.000000 1029.710571
-450.000061 -0.000000 1384.957520 -495.605164 -0.000000 1525.315552
-450.000061 -0.000000 1384.957520 -855.950745 -0.000000 1178.115356
-495.605164 -0.000000 1525.315552 -529.006775 -0.000000 1628.115234
-495.605164 -0.000000 1525.315552 -942.696777 -0.000000 1297.510986
-165.509766 -0.000000 227.804672 -326.944092 -0.000000 450.000000
-165.509766 -0.000000 227.804672 -227.804688 -0.000000 165.509766
-326.944092 -0.000000 450.000000 -480.328003 -0.000000 661.114868
-326.944092 -0.000000 450.000000 -450.000031 -0.000000 326.944092
-480.328003 -0.000000 661.114868 -621.884644 -0.000000 855.950867
-480.328003 -0.000000 661.114868 -661.114929 -0.000000 480.328003
-621.884644 -0.000000 855.950867 -748.128418 -0.000000 1029.710571
-621.884644 -0.000000 855.950867 -855.950928 -0.000000 621.884644
-748.128418 -0.000000 1029.710571 -855.950745 -0.000000 1178.115356
-748.128418 -0.000000 1029.710571 -1029.710693 -0.000000 748.128418
-855.950745 -0.000000 1178.115356 -942.696777 -0.000000 1297.510986
-855.950745 -0.000000 1178.115356 -1178.115356 -0.000000 855.950745
-942.696777 -0.000000 1297.510986 -1006.230469 -0.000000 1384.957642
-942.696777 -0.000000 1297.510986 -1297.511108 -0.000000 942.696777
-227.804688 -0.000000 165.509766 -450.000031 -0.000000 326.944092
-227.804688 -0.000000 165.509766 -267.800476 -0.000000 87.013588
-450.000031 -0.000000 326.944092 -661.114929 -0.000000 480.328003
-450.000031 -0.000000 326.944092 -529.006775 -0.000000 171.884598
-661.114929 -0.000000 480.328003 -855.950928 -0.000000 621.884644
-661.114929 -0.000000 480.328003 -777.187195 -0.000000 252.523239
-855.950928 -0.000000 621.884644 -1029.710693 -0.000000 748.128418
-855.950928 -0.000000 621.884644 -1006.230652 -0.000000 326.943909
-1029.710693 -0.000000 748.128418 -1178.115356 -0.000000 855.950745
-1029.710693 -0.000000 748.128418 -1210.497437 -0.000000 393.314178
-1178.115356 -0.000000 855.950745 -1297.511108 -0.000000 942.696777
-1178.115356 -0.000000 855.950745 -1384.957764 -0.000000 449.999695
-1297.511108 -0.000000 942.696777 -1384.957764 -0.000000 1006.230469
-1297.511108 -0.000000 942.696777 -1525.315796 -0.000000 495.604767
-267.800476 -0.000000 87.013588 -529.006775 -0.000000 171.884598
-267.800476 -0.000000 87.013588 -281.582062 -0.000000 -0.000092
-529.006775 -0.000000 171.884598 -777.187195 -0.000000 252.523239
-529.006775 -0.000000 171.884598 -556.230591 -0.000000 -0.000181
-777.187195 -0.000000 252.523239 -1006.230652 -0.000000 326.943909
-777.187195 -0.000000 252.523239 -817.182922 -0.000000 -0.000266
-1006.230652 -0.000000 326.943909 -1210.497437 -0.000000 393.314178
-1006.230652 -0.000000 326.943909 -1058.013428 -0.000000 -0.000345
-1210.497437 -0.000000 393.314178 -1384.957764 -0.000000 449.999695
-1210.497437 -0.000000 393.314178 -1272.792236 -0.000000 -0.000415
-1384.957764 -0.000000 449.999695 -1525.315796 -0.000000 495.604767
-1384.957764 -0.000000 449.999695 -1456.230591 -0.000000 -0.000475
-1525.315796 -0.000000 495.604767 -1628.115479 -0.000000 529.006409
-1525.315796 -0.000000 495.604767 -1603.811768 -0.000000 -0.000523
-281.582062 -0.000000 -0.000092 -556.230591 -0.000000 -0.000181
-281.582062 -0.000000 -0.000092 -267.800415 -0.000000 -87.013763
-556.230591 -0.000000 -0.000181 -817.182922 -0.000000 -0.000266
-556.230591 -0.000000 -0.000181 -529.006653 -0.000000 -171.884949
-817.182922 -0.000000 -0.000266 -1058.013428 -0.000000 -0.000345
-817.182922 -0.000000 -0.000266 -777.187012 -0.000000 -252.523758
-1058.013428 -0.000000 -0.000345 -1272.792236 -0.000000 -0.000415
-1058.013428 -0.000000 -0.000345 -1006.230408 -0.000000 -326.944580
-1272.792236 -0.000000 -0.000415 -1456.230591 -0.000000 -0.000475
-1272.792236 -0.000000 -0.000415 -1210.497192 -0.000000 -393.314972
-1456.230591 -0.000000 -0.000475 -1603.811768 -0.000000 -0.000523
-1456.230591 -0.000000 -0.000475 -1384.957397 -0.000000 -450.000610
-1603.811768 -0.000000 -0.000523 -1711.901733 -0.000000 -0.000558
-1603.811768 -0.000000 -0.000523 -1525.315430 -0.000000 -495.605774
-267.800415 -0.000000 -87.013763 -529.006653 -0.000000 -171.884949
-267.800415 -0.000000 -87.013763 -227.804581 -0.000000 -165.509918
-529.006653 -0.000000 -171.884949 -777.187012 -0.000000 -252.523758
-529.006653 -0.000000 -171.884949 -449.999817 -0.000000 -326.944397
-777.187012 -0.000000 -252.523758 -1006.230408 -0.000000 -326.944580
-777.187012 -0.000000 -252.523758 -661.114563 -0.000000 -480.328461
-1006.230408 -0.000000 -326.944580 -1210.497192 -0.000000 -393.314972
-1006.230408 -0.000000 -326.944580 -855.950500 -0.000000 -621.885193
-1210.497192 -0.000000 -393.314972 -1384.957397 -0.000000 -450.000610
-1210.497192 -0.000000 -393.314972 -1029.710083 -0.000000 -748.129089
-1384.957397 -0.000000 -450.000610 -1525.315430 -0.000000 -495.605774
-1384.957397 -0.000000 -450.000610 -1178.114746 -0.000000 -855.951538
-1525.315430 -0.000000 -495.605774 -1628.114990 -0.000000 -529.007446
-1525.315430 -0.000000 -495.605774 -1297.510376 -0.000000 -942.697632
-227.804581 -0.000000 -165.509918 -449.999817 -0.000000 -326.944397
-227.804581 -0.000000 -165.509918 -165.509628 -0.000000 -227.804794
-449.999817 -0.000000 -326.944397 -661.114563 -0.000000 -480.328461
-449.999817 -0.000000 -326.944397 -326.943848 -0.000000 -450.000244
-661.114563 -0.000000 -480.328461 -855.950500 -0.000000 -621.885193
-661.114563 -0.000000 -480.328461 -480.327637 -0.000000 -661.115234
-855.950500 -0.000000 -621.885193 -1029.710083 -0.000000 -748.129089
-855.950500 -0.000000 -621.885193 -621.884094 -0.000000 -855.951294
-1029.710083 -0.000000 -748.129089 -1178.114746 -0.000000 -855.951538
-1029.710083 -0.000000 -748.129089 -748.127808 -0.000000 -1029.711060
-1178.114746 -0.000000 -855.951538 -1297.510376 -0.000000 -942.697632
-1178.114746 -0.000000 -855.951538 -855.950073 -0.000000 -1178.115967
-1297.510376 -0.000000 -942.697632 -1384.957031 -0.000000 -1006.231384
-1297.510376 -0.000000 -942.697632 -942.696045 -0.000000 -1297.511719
-165.509628 -0.000000 -227.804794 -326.943848 -0.000000 -450.000244
-165.509628 -0.000000 -227.804794 -87.013420 -0.000000 -267.800537
-326.943848 -0.000000 -450.000244 -480.327637 -0.000000 -661.115234
-326.943848 -0.000000 -450.000244 -171.884262 -0.000000 -529.006897
-480.327637 -0.000000 -661.115234 -621.884094 -0.000000 -855.951294
-480.327637 -0.000000 -661.115234 -252.522766 -0.000000 -777.187378
-621.884094 -0.000000 -855.951294 -748.127808 -0.000000 -1029.711060
-621.884094 -0.000000 -855.951294 -326.943298 -0.000000 -1006.230835
-748.127808 -0.000000 -1029.711060 -855.950073 -0.000000 -1178.115967
-748.127808 -0.000000 -1029.711060 -393.313416 -0.000000 -1210.497681
-855.950073 -0.000000 -1178.115967 -942.696045 -0.000000 -1297.511719
-855.950073 -0.000000 -1178.115967 -449.998840 -0.000000 -1384.958008
-942.696045 -0.000000 -1297.511719 -1006.229675 -0.000000 -1384.958374
-942.696045 -0.000000 -1297.511719 -495.603821 -0.000000 -1525.316040
-87.013420 -0.000000 -267.800537 -171.884262 -0.000000 -529.006897
-87.013420 -0.000000 -267.800537 0.000272 -0.000000 -281.582062
-171.884262 -0.000000 -529.006897 -252.522766 -0.000000 -777.187378
-171.884262 -0.000000 -529.006897 0.000537 -0.000000 -556.230591
-252.522766 -0.000000 -777.187378 -326.943298 -0.000000 -1006.230835
-252.522766 -0.000000 -777.187378 0.000789 -0.000000 -817.182922
-326.943298 -0.000000 -1006.230835 -393.313416 -0.000000 -1210.497681
-326.943298 -0.000000 -1006.230835 0.001022 -0.000000 -1058.013428
-393.313416 -0.000000 -1210.497681 -449.998840 -0.000000 -1384.958008
-393.313416 -0.000000 -1210.497681 0.001229 -0.000000 -1272.792236
-449.998840 -0.000000 -1384.958008 -495.603821 -0.000000 -1525.316040
-449.998840 -0.000000 -1384.958008 0.001406 -0.000000 -1456.230591
-495.603821 -0.000000 -1525.316040 -529.005371 -0.000000 -1628.115723
-495.603821 -0.000000 -1525.316040 0.001549 -0.000000 -1603.811768
0.000272 -0.000000 -281.582062 0.000537 -0.000000 -556.230591
0.000272 -0.000000 -281.582062 87.013939 -0.000000 -267.800354
0.000537 -0.000000 -556.230591 0.000789 -0.000000 -817.182922
0.000537 -0.000000 -556.230591 171.885284 -0.000000 -529.006531
0.000789 -0.000000 -817.182922 0.001022 -0.000000 -1058.013428
0.000789 -0.000000 -817.182922 252.524277 -0.000000 -777.186890
0.001022 -0.000000 -1058.013428 0.001229 -0.000000 -1272.792236
0.001022 -0.000000 -1058.013428 326.945251 -0.000000 -1006.230225
0.001229 -0.000000 -1272.792236 0.001406 -0.000000 -1456.230591
0.001229 -0.000000 -1272.792236 393.315765 -0.000000 -1210.496948
0.001406 -0.000000 -1456.230591 0.001549 -0.000000 -1603.811768
0.001406 -0.000000 -1456.230591 450.001526 -0.000000 -1384.957153
0.001549 -0.000000 -1603.811768 0.001653 -0.000000 -1711.901733
0.001549 -0.000000 -1603.811768 495.606781 -0.000000 -1525.315063
87.013939 -0.000000 -267.800354 171.885284 -0.000000 -529.006531
87.013939 -0.000000 -267.800354 165.510071 -0.000000 -227.804474
171.885284 -0.000000 -529.006531 252.524277 -0.000000 -777.186890
171.885284 -0.000000 -529.006531 326.944702 -0.000000 -449.999603
252.524277 -0.000000 -777.186890 326.945251 -0.000000 -1006.230225
252.524277 -0.000000 -777.186890 480.328888 -0.000000 -661.114319
326.945251 -0.000000 -1006.230225 393.315765 -0.000000 -1210.496948
326.945251 -0.000000 -1006.230225 621.885742 -0.000000 -855.950073
393.315765 -0.000000 -1210.496948 450.001526 -0.000000 -1384.957153
393.315765 -0.000000 -1210.496948 748.129761 -0.000000 -1029.709595
450.001526 -0.000000 -1384.957153 495.606781 -0.000000 -1525.315063
450.001526 -0.000000 -1384.957153 855.952332 -0.000000 -1178.114258
495.606781 -0.000000 -1525.315063 529.008545 -0.000000 -1628.114746
495.606781 -0.000000 -1525.315063 942.698486 -0.000000 -1297.509888
165.510071 -0.000000 -227.804474 326.944702 -0.000000 -449.999603
165.510071 -0.000000 -227.804474 227.804901 -0.000000 -165.509476
326.944702 -0.000000 -449.999603 480.328888 -0.000000 -661.114319
326.944702 -0.000000 -449.999603 450.000427 -0.000000 -326.943542
480.328888 -0.000000 -661.114319 621.885742 -0.000000 -855.950073
480.328888 -0.000000 -661.114319 661.115540 -0.000000 -480.327179
621.885742 -0.000000 -855.950073 748.129761 -0.000000 -1029.709595
621.885742 -0.000000 -855.950073 855.951660 -0.000000 -621.883545
748.129761 -0.000000 -1029.709595 855.952332 -0.000000 -1178.114258
748.129761 -0.000000 -1029.709595 1029.711548 -0.000000 -748.127136
855.952332 -0.000000 -1178.114258 942.698486 -0.000000 -1297.509888
855.952332 -0.000000 -1178.114258 1178.116455 -0.000000 -855.949280
942.698486 -0.000000 -1297.509888 1006.232300 -0.000000 -1384.956421
942.698486 -0.000000 -1297.509888 1297.512207 -0.000000 -942.695190
227.804901 -0.000000 -165.509476 450.000427 -0.000000 -326.943542
227.804901 -0.000000 -165.509476 267.800568 -0.000000 -87.013252
450.000427 -0.000000 -326.943542 661.115540 -0.000000 -480.327179
450.000427 -0.000000 -326.943542 529.006958 -0.000000 -171.883926
661.115540 -0.000000 -480.327179 855.951660 -0.000000 -621.883545
661.115540 -0.000000 -480.327179 777.187500 -0.000000 -252.522278
855.951660 -0.000000 -621.883545 1029.711548 -0.000000 -748.127136
855.951660 -0.000000 -621.883545 1006.231018 -0.000000 -326.942657
1029.711548 -0.000000 -748.127136 1178.116455 -0.000000 -855.949280
1029.711548 -0.000000 -748.127136 1210.497925 -0.000000 -393.312653
1178.116455 -0.000000 -855.949280 1297.512207 -0.000000 -942.695190
1178.116455 -0.000000 -855.949280 1384.958252 -0.000000 -449.997986
1297.512207 -0.000000 -942.695190 1384.958984 -0.000000 -1006.228760
1297.512207 -0.000000 -942.695190 1525.316284 -0.000000 -495.602844
267.800568 -0.000000 -87.013252 529.006958 -0.000000 -171.883926
267.800568 -0.000000 -87.013252 281.582062 -0.000000 0.000452
529.006958 -0.000000 -171.883926 777.187500 -0.000000 -252.522278
529.006958 -0.000000 -171.883926 556.230591 -0.000000 0.000893
777.187500 -0.000000 -252.522278 1006.231018 -0.000000 -326.942657
777.187500 -0.000000 -252.522278 817.182922 -0.000000 0.001312
1006.231018 -0.000000 -326.942657 1210.497925 -0.000000 -393.312653
1006.231018 -0.000000 -326.942657 1058.013428 -0.000000 0.001698
1210.497925 -0.000000 -393.312653 1384.958252 -0.000000 -449.997986
1210.497925 -0.000000 -393.312653 1272.792236 -0.000000 0.002043
1384.958252 -0.000000 -449.997986 1525.316284 -0.000000 -495.602844
1384.958252 -0.000000 -449.997986 1456.230591 -0.000000 0.002338
1525.316284 -0.000000 -495.602844 1628.116089 -0.000000 -529.004333
1525.316284 -0.000000 -495.602844 1603.811768 -0.000000 0.002575
